Input_file	Dataset	Complete	Single	Duplicated	Fragmented	Missing	n_markers
Amaryllis_belladonna.fasta	liliopsida_odb10	19.6	16.3	3.3	13.2	67.2	3236
Clivia_miniata.fasta	liliopsida_odb10	89.6	30.8	58.8	8.1	2.3	3236				
Crinum_asiaticum.fasta	liliopsida_odb10	86.3	26.3	60.0	9.1	4.6	3236				
Crinum_powellii.fasta	liliopsida_odb10	87.6	20.5	67.1	10.1	2.3	3236				
Hippeastrum_sp.fasta	liliopsida_odb10	85.2	38.3	46.9	11.5	3.3	3236				
Hippeastrum_striatum.fasta	liliopsida_odb10	78.4	34.9	43.5	11.6	10.0	3236				
Hippeastrum_vittatum.fasta	liliopsida_odb10	82.9	36.0	46.9	12.7	4.4	3236				
Galanthus_elwesii.fasta	liliopsida_odb10	58.5	34.4	24.1	17.5	24.0	3236				
Galanthus_sp.fasta	liliopsida_odb10	41.3	25.7	15.6	11.6	47.1	3236				
Leucojum_aestivum.fasta	liliopsida_odb10	81.0	37.7	43.3	10.9	8.1	3236				
Lycoris_aurea_PB.fasta	liliopsida_odb10	66.2	23.0	43.2	6.3	27.5	3236				
Lycoris_aurea_TH.fasta	liliopsida_odb10	81.0	32.0	49.0	12.5	6.5	3236				
Lycoris_chinensis.fasta	liliopsida_odb10	78.8	40.2	38.6	15.6	5.6	3236				
Lycoris_incarnata.fasta	liliopsida_odb10	66.9	36.4	30.5	15.7	17.4	3236				
Lycoris_longituba.fasta	liliopsida_odb10	86.4	27.3	59.1	10.6	3.0	3236				
Lycoris_radiata.fasta	liliopsida_odb10	77.9	47.0	30.9	16.6	5.5	3236				
Lycoris_sprengeri.fasta	liliopsida_odb10	86.7	29.7	57.0	10.0	3.3	3236				
Narcissus_aff_pseudonarcissus.fasta	liliopsida_odb10	68.7	47.3	21.4	13.2	18.1	3236				
Narcissus_papyraceus.fasta	liliopsida_odb10	76.6	47.2	29.4	12.4	11.0	3236				
Narcissus_pseudonarcissus.fasta	liliopsida_odb10	86.9	31.1	55.8	9.4	3.7	3236				
Narcissus_sp.fasta	liliopsida_odb10	86.6	13.0	73.6	6.0	7.4	3236				
Narcissus_tazetta.fasta	liliopsida_odb10	83.4	42.4	41.0	12.3	4.3	3236				
Narcissus_viridiflorus.fasta	liliopsida_odb10	66.6	56.7	9.9	16.3	17.1	3236				
Phycella_aff_cyrtanthoides.fasta	liliopsida_odb10	61.6	54.1	7.5	15.8	22.6	3236				
Rhodophiala_pratensis.fasta	liliopsida_odb10	47.0	41.8	5.2	18.1	34.9	3236				
Scadoxus_multiflorus.fasta	liliopsida_odb10	80.0	32.5	47.5	10.5	9.5	3236				
Traubia_modesta.fasta	liliopsida_odb10	14.3	12.7	1.6	11.4	74.3	3236				
Zephyranthes_candida.fasta	liliopsida_odb10	85.9	34.4	51.5	10.6	3.5	3236				
Zephyranthes_carinata.fasta	liliopsida_odb10	69.1	19.7	49.4	16.8	14.1	3236				
Zephyranthes_treatiae.fasta	liliopsida_odb10	10.7	8.5	2.2	15.6	73.7	3236				
